SampleID	Cruise	Station	Date	Time	Latitude	Longitude	Depth	Bottom_Depth	Temperature	Salinity	Oxygen	Silicate	NO2	NO3	NOx	NH3	PO4	PAR	Chlorophyll
P15S_2016_10201	P15S	10201	14/6/16	1:11	-18.00	-170.00	4991.50	5041.00	1.07	34.71	206.10	118.20	0.00	32.28	32.28		2.19		
P15S_2016_10231	P15S	10231	14/6/16	1:11	-18.00	-170.00	134.60	5041.00	23.77	35.78	197.60	0.31	0.03	0.06	0.09	0.00	0.15		
P15S_2016_10233	P15S	10233	14/6/16	1:11	-18.00	-170.00	75.30	5041.00	26.05	35.64	204.50	0.31	0.00	0.02	0.02		0.13		
P15S_2016_10235	P15S	10235	14/6/16	1:11	-18.00	-170.00	23.10	5041.00	26.50	35.47	201.90	0.36	0.00	0.01	0.01		0.15		
P15S_2016_10236	P15S	10236	14/6/16	1:11	-18.00	-170.00	5.00	5041.00	26.51	35.47	202.00	0.37	0.00	0.01	0.01	0.01	0.15		
P15S_2016_10532	P15S	10532	14/6/16	23:22	-16.50	-170.00	127.10	5139.00	24.08	35.99	179.50	0.38	0.26	1.23	1.49		0.34		
P15S_2016_10534	P15S	10534	14/6/16	23:22	-16.50	-170.00	54.60	5139.00	27.06	35.45	200.30	0.30	0.01	-0.07	-0.06	0.03	0.17		
P15S_2016_10536	P15S	10536	14/6/16	23:22	-16.50	-170.00	4.80	5139.00	27.13	35.44	200.20	0.31	0.01	-0.06	-0.05	0.02	0.16		
P15S_2016_11433	P15S	11433	17/6/16	2:26	-13.00	-170.00	80.40	5139.00	27.78	35.94	165.10	0.84	0.59	2.30	2.89	0.04	0.48		0.06
P15S_2016_11434	P15S	11434	17/6/16	2:26	-13.00	-170.00	49.80	5139.00	29.21	34.97	190.70	0.43	0.08	0.31	0.39		0.22		0.06
P15S_2016_11435	P15S	11435	17/6/16	2:26	-13.00	-170.00	23.70	5139.00	29.19	34.90	194.00	0.31	0.01	-0.03	-0.02		0.15		0.06
P15S_2016_11436	P15S	11436	17/6/16	2:26	-13.00	-170.00	5.70	5139.00	29.28	34.87	193.90	0.29	0.01	-0.04	-0.03	0.03	0.15		0.06
P15S_2016_12101	P15S	12101	18/6/16	2:44	-9.50	-169.00	5429.80	5373.00	1.15	34.71	205.20	118.17	0.01	31.86	31.87		2.20		0.06
P15S_2016_12134	P15S	12134	18/6/16	2:44	-9.50	-169.00	62.10	5373.00	29.96	35.21	190.00	0.51	0.18	0.41	0.59	0.05	0.29		0.06
P15S_2016_12135	P15S	12135	18/6/16	2:44	-9.50	-169.00	35.90	5373.00	29.91	34.59	192.60	0.28	0.01	-0.06	-0.05		0.15		0.06
P15S_2016_12136	P15S	12136	18/6/16	2:44	-9.50	-169.00	5.30	5373.00	29.98	34.60	192.60	0.27	0.01	-0.06	-0.05	0.02	0.15		0.06
P15S_2016_12801	P15S	12801	20/6/16	1:47	-6.00	-168.75	5765.10	5685.00	1.27	34.71	199.70	120.16	0.00	31.77	31.77		2.22		
P15S_2016_12813	P15S	12813	20/6/16	1:47	-6.00	-168.75	2061.00	5685.00	2.20	34.64	-999.00	128.37	0.00	36.53	36.53		2.62		
P15S_2016_12820	P15S	12820	20/6/16	1:47	-6.00	-168.75	966.80	5685.00	4.61	34.54	89.50	75.48	0.00	37.99	37.99		2.76		
P15S_2016_12825	P15S	12825	20/6/16	1:47	-6.00	-168.75	465.50	5685.00	8.57	34.65	84.30	29.46	0.00	32.00	32.00		2.27		
P15S_2016_12832	P15S	12832	20/6/16	1:47	-6.00	-168.75	105.50	5685.00	28.78	35.92	170.90	1.32	0.94	0.70	1.64		0.43		
P15S_2016_12833	P15S	12833	20/6/16	1:47	-6.00	-168.75	66.10	5685.00	30.28	34.89	192.10	0.58	0.00	0.02	0.02		0.14		
P15S_2016_12835	P15S	12835	20/6/16	1:47	-6.00	-168.75	19.70	5685.00	30.30	34.89	192.00	0.59	0.00	0.02	0.02		0.14		
P15S_2016_12836	P15S	12836	20/6/16	1:47	-6.00	-168.75	5.60	5685.00	30.46	34.90	192.00	0.60	0.00	0.02	0.02	0.02	0.14		
P15S_2016_12836	P15S	12836	20/6/16	1:47	-6.00	-168.75	5.60	5685.00	30.46	34.90	192.00	0.60	0.00	0.02	0.02	0.02	0.14		
P15S_2016_13433	P15S	13433	22/6/16	17:21	-3.00	-168.75	81.00	5431.00	29.64	35.57	177.70	1.37	0.27	1.28	1.55	0.29	0.43		0.15
P15S_2016_13434	P15S	13434	22/6/16	17:21	-3.00	-168.75	40.80	5431.00	29.97	34.84	193.20	0.69	0.01	0.01	0.02		0.18		0.15
P15S_2016_13435	P15S	13435	22/6/16	17:21	-3.00	-168.75	20.10	5431.00	29.97	34.84	194.10	0.71	0.01	0.01	0.02		0.19		0.15
P15S_2016_13701	P15S	13701	23/6/16	12:28	-1.50	-168.75	6015.10	5926.00	1.35	34.71	195.90	122.32	0.00	32.46	32.46		2.23		0.16
P15S_2016_13713	P15S	13713	23/6/16	12:28	-1.50	-168.75	2061.10	5926.00	2.21	34.64	112.40	136.81	0.01	37.84	37.85		2.68		0.16
P15S_2016_13720	P15S	13720	23/6/16	12:28	-1.50	-168.75	966.50	5926.00	4.51	34.55	89.10	83.50	0.01	38.25	38.26		2.74		0.16
P15S_2016_13725	P15S	13725	23/6/16	12:28	-1.50	-168.75	465.40	5926.00	8.36	34.64	64.80	34.40	0.01	35.02	35.03		2.44		0.16
P15S_2016_13733	P15S	13733	23/6/16	12:28	-1.50	-168.75	66.90	5926.00	28.49	35.45	179.20	0.67	0.76	2.12	2.88		0.49		0.16
P15S_2016_13734	P15S	13734	23/6/16	12:28	-1.50	-168.75	39.90	5926.00	29.06	35.32	196.90	0.25	0.11	1.18	1.29		0.30		0.16
P15S_2016_13735	P15S	13735	23/6/16	12:28	-1.50	-168.75	20.50	5926.00	29.06	35.32	197.40	0.25	0.09	1.13	1.22		0.29		0.16
P15S_2016_13736	P15S	13736	23/6/16	12:28	-1.50	-168.75	7.00	5926.00	29.05	35.32	197.30	0.26	0.09	1.10	1.19	0.06	0.29		0.16
P15S_2016_14033	P15S	14033	24/6/16	9:05	0.00	-168.74	65.20	5561.00	27.07	35.17	159.10	2.93	0.47	4.84	5.31	0.16	0.52		0.20
P15S_2016_14034	P15S	14034	24/6/16	9:05	0.00	-168.74	39.40	5561.00	28.06	35.23	182.40	2.03	0.43	2.31	2.74		0.39		0.20
P15S_2016_14035	P15S	14035	24/6/16	9:05	0.00	-168.74	19.00	5561.00	28.11	35.24	186.80	1.94	0.40	2.04	2.44		0.37		0.20
P15S_2016_14036	P15S	14036	24/6/16	9:05	0.00	-168.74	5.90	5561.00	28.10	35.24	187.10	1.93	0.40	1.95	2.35	0.11	0.36		0.20
P15S_2016_1501	P15S	1501	11/5/16	0:50	-60.00	-170.00	3880.00	3939.00	0.87	34.71	205.80	121.04	0.00	32.18	32.18		2.24		
P15S_2016_1510	P15S	1510	11/5/16	0:50	-60.00	-170.00	2085.00	3939.00	1.57	34.74	196.10	97.95	0.00	31.15	31.15		2.16		
P15S_2016_1518	P15S	1518	11/5/16	0:50	-60.00	-170.00	1035.00	3939.00	2.33	34.65	175.90	77.41	0.00	32.92	32.92		2.27		
P15S_2016_1523	P15S	1523	11/5/16	0:50	-60.00	-170.00	535.00	3939.00	2.47	34.40	193.00	58.63	0.00	34.43	34.43		2.37		
P15S_2016_1531	P15S	1531	11/5/16	15:21	-60.00	-170.02	132.60	3827.00	2.21	33.94	319.10	17.03	0.25	27.12	27.37		1.91		
P15S_2016_1534	P15S	1534	11/5/16	0:50	-60.00	-170.00	60.00	3939.00	2.26	33.92	320.10	15.82	0.27	26.87	27.14		1.90		
P15S_2016_1535	P15S	1535	11/5/16	0:50	-60.00	-170.00	35.00	3939.00	2.26	33.92	320.20	15.78	0.27	26.84	27.11		1.89		
P15S_2016_1536	P15S	1536	11/5/16	15:21	-60.00	-170.02	13.60	3827.00	2.26	33.92	320.20	15.77	0.27	26.82	27.09	0.55	1.90		
P15S_2016_2001	P15S	2001	13/5/16	19:11	-57.50	-170.01	5029.40	5037.00	0.97	34.70	208.30	123.39	0.00	32.31	32.31		2.24		
P15S_2016_2012	P15S	2012	13/5/16	19:11	-57.50	-170.01	2086.80	5037.00	1.76	34.74	193.10	92.85	0.00	31.19	31.19		2.15		
P15S_2016_201	P15S	201	4/5/16	8:50	-66.33	-170.01	3329.00	3295.00	0.33	34.69	216.50	126.01	0.00	32.71	32.71		2.29		
P15S_2016_2020	P15S	2020	13/5/16	19:11	-57.50	-170.01	1035.60	5037.00	2.45	34.60	172.90	73.30	0.00	33.82	33.82		2.33		
P15S_2016_2025	P15S	2025	13/5/16	19:11	-57.50	-170.01	537.00	5037.00	2.91	34.31	206.50	46.12	0.00	33.38	33.38		2.29		
P15S_2016_2032	P15S	2032	13/5/16	23:09	-57.51	-170.01	112.50	4988.00	3.61	33.91	312.80	8.21	0.24	24.30	24.54	0.79	1.73		
P15S_2016_2034	P15S	2034	13/5/16	19:11	-57.50	-170.01	60.50	5037.00	3.65	33.91	312.50	8.00	0.24	24.20	24.44		1.72		
P15S_2016_2035	P15S	2035	13/5/16	19:11	-57.50	-170.01	35.00	5037.00	3.64	33.91	312.50	8.02	0.24	24.19	24.43		1.72		
P15S_2016_2036	P15S	2036	13/5/16	23:09	-57.51	-170.01	14.20	4988.00	3.64	33.91	312.40	8.04	0.24	24.20	24.44	0.68	1.72		
P15S_2016_209	P15S	209	4/5/16	8:50	-66.33	-170.01	1935.00	3295.00	0.52	34.70	209.00	125.43	0.01	32.61	32.62		2.28		
P15S_2016_217	P15S	217	4/5/16	8:50	-66.33	-170.01	1065.00	3295.00	0.96	34.72	200.20	113.52	0.01	32.19	32.20		2.24		
P15S_2016_223	P15S	223	4/5/16	8:50	-66.33	-170.01	485.00	3295.00	1.36	34.73	191.50	99.28	0.01	31.98	31.99		2.22		
P15S_2016_231	P15S	231	4/5/16	11:40	-66.33	-170.00	115.80	3314.00	-1.37	34.10	278.70	72.56	0.11	30.72	30.83	0.64	2.14		
P15S_2016_234	P15S	234	4/5/16	8:50	-66.33	-170.01	40.00	3295.00	-1.49	34.07	345.80	63.75	0.22	28.15	28.37		1.98		
P15S_2016_235	P15S	235	4/5/16	8:50	-66.33	-170.01	20.00	3295.00	-1.50	34.07	345.40	63.74	0.22	28.18	28.40		1.98		
P15S_2016_236	P15S	236	4/5/16	11:40	-66.33	-170.00	5.80	3314.00	-1.50	34.07	345.60	63.77	0.22	28.18	28.40	0.51	1.98		
P15S_2016_2601	P15S	2601	15/5/16	20:02	-54.50	-170.00	4902.00	4839.00	0.95	34.70	208.60	123.15	0.00	32.14	32.14		2.24		
P15S_2016_2625	P15S	2625	15/5/16	20:02	-54.50	-170.00	535.30	4839.00	4.32	34.24	228.70	24.64	0.00	29.27	29.27		2.00		
P15S_2016_2632	P15S	2632	15/5/16	23:52	-54.50	-170.00	116.80	4840.00	6.00	34.12	296.00	4.93	0.24	19.78	20.02	0.48	1.43		
P15S_2016_2634	P15S	2634	15/5/16	20:02	-54.50	-170.00	60.30	4839.00	6.06	34.13	295.70	4.92	0.24	19.60	19.84		1.42		
P15S_2016_2635	P15S	2635	15/5/16	20:02	-54.50	-170.00	36.30	4839.00	6.06	34.13	295.70	4.93	0.24	19.61	19.85		1.42		
P15S_2016_2636	P15S	2636	15/5/16	23:52	-54.50	-170.00	8.80	4840.00	6.06	34.13	295.80	4.95	0.25	19.58	19.83	0.47	1.41		
P15S_2016_3120	P15S	3120	17/5/16	8:07	-52.00	-170.08	1001.80	4804.00	3.74	34.34	202.30	40.19	0.00	32.08	32.08		2.20		
P15S_2016_3130	P15S	3130	17/5/16	11:43	-52.00	-170.07	199.70	4794.00	7.60	34.40	264.20	5.23	0.01	18.80	18.81	0.05	1.31		
P15S_2016_3132	P15S	3132	17/5/16	8:07	-52.00	-170.08	99.70	4804.00	7.99	34.28	283.30	2.85	0.28	15.11	15.39		1.14		
P15S_2016_3134	P15S	3134	17/5/16	8:07	-52.00	-170.08	49.20	4804.00	8.05	34.28	282.90	2.77	0.28	14.91	15.19		1.13		
P15S_2016_3136	P15S	3136	17/5/16	11:43	-52.00	-170.07	5.20	4794.00	8.05	34.27	283.50	2.77	0.27	14.85	15.12	0.19	1.13		
P15S_2016_3434	P15S	3434	18/5/16	4:40	-50.50	-170.00	48.90	5056.00	9.41	34.33	276.20	1.73	0.29	11.88	12.17		0.96		
P15S_2016_3436	P15S	3436	18/5/16	8:22	-50.50	-170.02	6.30	5052.00	9.40	34.33	276.20	1.72	0.29	11.89	12.18	0.28	0.96		
P15S_2016_4201	P15S	4201	20/5/16	13:59	-46.72	-170.91	5386.30	5143.00	1.03	34.70	208.20	121.61	0.00	32.17	32.17		2.21		
P15S_2016_4213	P15S	4213	20/5/16	13:59	-46.72	-170.91	1937.50	5143.00	2.69	34.56	171.30	73.75	0.00	34.08	34.08		2.33		
P15S_2016_4220	P15S	4220	20/5/16	13:59	-46.72	-170.91	964.70	5143.00	6.18	34.36	219.00	15.95	0.01	26.25	26.26		1.76		
P15S_2016_4225	P15S	4225	20/5/16	13:59	-46.72	-170.91	464.20	5143.00	8.42	34.52	242.30	4.81	0.01	18.13	18.14		1.25		
P15S_2016_4231	P15S	4231	20/5/16	18:02	-46.71	-170.91	132.80	5144.00	10.91	34.71	251.30	1.70	0.12	8.93	9.05		0.73		
P15S_2016_4233	P15S	4233	20/5/16	13:59	-46.72	-170.91	64.20	5143.00	11.52	34.68	262.90	0.91	0.32	5.63	5.95		0.58		
P15S_2016_4234	P15S	4234	20/5/16	13:59	-46.72	-170.91	40.40	5143.00	11.51	34.68	262.90	0.91	0.31	5.64	5.95		0.58		
P15S_2016_4236	P15S	4236	20/5/16	18:02	-46.71	-170.91	11.10	5144.00	11.50	34.68	262.90	0.92	0.31	5.63	5.94	0.21	0.58		
P15S_2016_433	P15S	433	5/5/16	13:29	-65.00	-170.01	86.10	2841.00	-0.34	34.09	332.20	56.82	0.27	27.92	28.19		2.01		
P15S_2016_434	P15S	434	5/5/16	13:29	-65.00	-170.01	60.90	2841.00	-0.35	34.09	335.20	55.38	0.28	27.88	28.16		2.01		
P15S_2016_436	P15S	436	5/5/16	16:08	-65.00	-169.99	36.70	2835.00	-0.36	34.09	335.10	55.48	0.28	27.90	28.18	0.75	2.02		
P15S_2016_4617	P15S	4617	22/5/16	16:00	-44.52	-173.50	1001.00	3831.00	5.77	34.35	211.70	19.73	0.00	27.47	27.47		1.84		
P15S_2016_4622	P15S	4622	22/5/16	16:00	-44.52	-173.50	500.70	3831.00	8.18	34.49	242.90	5.00	0.01	18.88	18.89		1.28		
P15S_2016_4631	P15S	4631	22/5/16	19:36	-44.52	-173.50	101.10	3856.00	12.55	34.73	257.30	0.45	0.32	3.61	3.93		0.44		
P15S_2016_4632	P15S	4632	22/5/16	16:00	-44.52	-173.50	73.20	3831.00	12.64	34.74	257.60	0.38	0.31	3.22	3.53		0.42		
P15S_2016_4634	P15S	4634	22/5/16	16:00	-44.52	-173.50	25.70	3831.00	12.68	34.73	257.80	0.37	0.31	3.12	3.43		0.41		
P15S_2016_4636	P15S	4636	22/5/16	19:36	-44.52	-173.50	6.10	3856.00	12.64	34.71	257.70	0.37	0.31	3.08	3.39	0.59	0.41		
P15S_2016_5423	P15S	5423	29/5/16	12:44	-41.27	-173.65	565.50	3278.00	8.16	34.51	224.10	6.50	0.00	20.61	20.61		1.42		0.24
P15S_2016_5432	P15S	5432	29/5/16	12:44	-41.27	-173.65	89.10	3278.00	15.37	35.16	241.30	0.37	0.29	0.16	0.45		0.21		0.24
P15S_2016_5433	P15S	5433	29/5/16	12:44	-41.27	-173.65	62.00	3278.00	15.41	35.11	243.00	0.21	0.10	0.03	0.13		0.18		0.24
P15S_2016_5434	P15S	5434	29/5/16	12:44	-41.27	-173.65	39.90	3278.00	15.41	35.11	243.00	0.22	0.09	0.05	0.14		0.18		0.24
P15S_2016_5436	P15S	5436	29/5/16	12:44	-41.27	-173.65	6.30	3278.00	15.40	35.11	243.20	0.18	0.09	0.03	0.12	0.04	0.18		0.24
P15S_2016_5702	P15S	5702	30/5/16	8:58	-39.97	-172.70	4759.70	4648.00	0.98	34.71	207.80	122.14	0.01	32.32	32.33		2.22		
P15S_2016_5724	P15S	5724	30/5/16	8:58	-39.97	-172.70	562.90	4648.00	7.87	34.49	225.10	7.29	0.01	21.25	21.26		1.44		
P15S_2016_5731	P15S	5731	30/5/16	8:58	-39.97	-172.70	133.60	4648.00	11.96	34.95	234.90	1.49	0.03	7.87	7.90	0.01	0.63		
P15S_2016_5733	P15S	5733	30/5/16	8:58	-39.97	-172.70	67.30	4648.00	15.63	35.18	242.70	0.39	0.08	0.07	0.15		0.16		
P15S_2016_5734	P15S	5734	30/5/16	8:58	-39.97	-172.70	41.40	4648.00	15.63	35.18	242.90	0.39	0.07	0.06	0.13		0.16		
P15S_2016_5736	P15S	5736	30/5/16	8:58	-39.97	-172.70	9.30	4648.00	15.63	35.18	242.90	0.41	0.07	0.06	0.13	0.02	0.16		
P15S_2016_601	P15S	601	6/5/16	5:45	-63.99	-170.05	2829.00	2790.00	0.77	34.71	207.10	128.03	0.01	32.39	32.40		2.26		
P15S_2016_606	P15S	606	6/5/16	5:45	-63.99	-170.05	2000.80	2790.00	0.89	34.71	204.70	117.00	0.01	32.03	32.04		2.24		
P15S_2016_630	P15S	630	6/5/16	7:25	-63.99	-170.06	98.10	2809.00	0.27	34.14	304.10	55.03	0.20	30.21	30.41	0.73	2.14		
P15S_2016_633	P15S	633	6/5/16	5:45	-63.99	-170.05	49.40	2790.00	0.12	34.09	326.60	51.30	0.27	28.90	29.17		2.05		
P15S_2016_634	P15S	634	6/5/16	5:45	-63.99	-170.05	25.60	2790.00	0.12	34.09	327.10	51.27	0.27	28.84	29.11		2.05		
P15S_2016_636	P15S	636	6/5/16	7:25	-63.99	-170.06	5.90	2809.00	0.11	34.09	327.20	51.23	0.27	28.65	28.92	0.68	2.05		
P15S_2016_6625	P15S	6625	1/6/16	2:07	-36.01	-170.00	466.10	5055.00	7.97	34.48	231.60	5.45	0.00	20.06	20.06		1.38		0.14
P15S_2016_6632	P15S	6632	1/6/16	2:07	-36.01	-170.00	92.30	5055.00	15.37	35.28	236.60	0.88	0.13	1.62	1.75	0.01	0.30		0.14
P15S_2016_6633	P15S	6633	1/6/16	2:07	-36.01	-170.00	66.30	5055.00	18.20	35.51	232.40	0.33	0.00	0.02	0.02		0.10		0.14
P15S_2016_6635	P15S	6635	1/6/16	2:07	-36.01	-170.00	20.10	5055.00	18.18	35.50	232.70	0.35	0.00	0.02	0.02		0.10		0.14
P15S_2016_7432	P15S	7432	4/6/16	9:40	-32.50	-169.99	116.10	5540.00	16.72	35.53	214.00	0.63	0.07	2.76	2.83		0.31		0.09
P15S_2016_7433	P15S	7433	4/6/16	9:40	-32.50	-169.99	91.20	5540.00	19.92	35.80	226.00	0.08	0.00	0.02	0.02	0.04	0.06		0.09
P15S_2016_7435	P15S	7435	4/6/16	9:40	-32.50	-169.99	20.70	5540.00	20.00	35.81	225.40	0.08	0.00	0.01	0.01		0.05		0.09
P15S_2016_7436	P15S	7436	4/6/16	9:40	-32.50	-169.99	4.90	5540.00	20.02	35.81	225.40	0.09	0.00	0.01	0.01	0.01	0.05		0.09
P15S_2016_7833	P15S	7833	5/6/16	13:51	-30.50	-169.99	65.40	5671.00	21.40	35.88	219.90	0.19	0.01	0.00	0.01		0.04		0.10
P15S_2016_7834	P15S	7834	5/6/16	13:51	-30.50	-169.99	40.90	5671.00	21.42	35.87	219.80	0.15	0.00	0.01	0.01		0.04		0.10
P15S_2016_7836	P15S	7836	5/6/16	13:51	-30.50	-169.99	5.70	5671.00	21.41	35.88	219.70	0.14	0.00	0.02	0.02	0.00	0.04		0.10
P15S_2016_8403	P15S	8403	7/6/16	15:53	-27.27	-170.00	5546.30	5469.00	1.12	34.71									0.10
P15S_2016_8426	P15S	8426	8/6/16	15:01	-27.27	-170.00	498.70	5469.00	8.70	34.54									0.10
P15S_2016_8434	P15S	8434	8/6/16	15:01	-27.27	-170.00	76.60	5469.00	22.33	35.87									0.10
P15S_2016_8436	P15S	8436	8/6/16	15:01	-27.27	-170.00	7.40	5469.00	22.05	35.84						0.00			0.10
P15S_2016_8932	P15S	8932	10/6/16	6:05	-24.50	-170.00	90.20	5666.00	22.75	35.83	215.10	0.41	0.00	-0.02	-0.02		0.02		0.08
P15S_2016_8933	P15S	8933	10/6/16	6:05	-24.50	-170.00	66.00	5666.00	23.22	35.75	213.30	0.49	0.00	-0.02	-0.02	0.01	0.03		0.08
P15S_2016_8935	P15S	8935	10/6/16	6:05	-24.50	-170.00	18.60	5666.00	23.19	35.76	213.20	0.54	0.00	-0.02	-0.02		0.03		0.08
P15S_2016_8936	P15S	8936	10/6/16	6:05	-24.50	-170.00	5.30	5666.00	23.19	35.76	213.40	0.48	0.00	-0.02	-0.02	0.07	0.03		0.08
P15S_2016_901	P15S	901	8/5/16	7:56	-62.50	-169.99	2568.80	2467.00	0.80	34.71	206.10	126.52	0.01	32.41	32.42		2.25		
P15S_2016_905	P15S	905	8/5/16	7:56	-62.50	-169.99	2086.30	2467.00	1.05	34.72	204.60	112.72	0.01	31.92	31.93		2.22		
P15S_2016_915	P15S	915	8/5/16	7:56	-62.50	-169.99	1065.50	2467.00	1.87	34.73	189.20	88.42	0.01	31.33	31.34		2.17		
P15S_2016_921	P15S	921	8/5/16	7:56	-62.50	-169.99	486.30	2467.00	2.21	34.64	174.80	78.18	0.01	33.42	33.43		2.31		
P15S_2016_930	P15S	930	8/5/16	9:07	-62.50	-170.00	139.40	2410.00	1.53	34.31	234.80	57.66	0.02	34.27	34.29	0.69	2.37		
P15S_2016_933	P15S	933	8/5/16	7:56	-62.50	-169.99	64.70	2467.00	0.70	34.06	325.70	42.69	0.29	29.18	29.47		2.08		
P15S_2016_935	P15S	935	8/5/16	7:56	-62.50	-169.99	19.20	2467.00	0.69	34.06	326.40	42.59	0.30	29.14	29.44		2.07		
P15S_2016_936	P15S	936	8/5/16	9:07	-62.50	-170.00	5.00	2410.00	0.69	34.06	327.10	42.52	0.30	29.13	29.43	0.68	2.07		
P15S_2016_9533	P15S	9533	11/6/16	2:58	-21.50	-170.00	65.20	5483.00	24.42	35.69	208.60	0.21	0.00	-0.03	-0.03		0.08		0.07
P15S_2016_9534	P15S	9534	11/6/16	2:58	-21.50	-170.00	40.70	5483.00	24.48	35.66	208.90	0.20	0.01	-0.05	-0.04		0.08		0.07
P15S_2016_9536	P15S	9536	11/6/16	2:58	-21.50	-170.00	5.70	5483.00	24.47	32.83	208.70	0.21	0.01	-0.05	-0.04	0.02	0.08		0.07
P15S_2016_3401	P15S	3401	18/5/16	4:40:00	-50.50	-170.00	5140.70	5056.00	0.98	34.70	209.20	122.68	0.00	32.17	32.17		2.25		
P15S_2016_3413	P15S	3413	18/5/16	4:40:00	-50.50	-170.00	1998.80	5056.00	2.30	34.69	178.80	81.15	0.00	32.26	32.26		2.24		
P15S_2016_3420	P15S	3420	18/5/16	4:40:00	-50.50	-170.00	997.00	5056.00	3.69	34.35	197.70	42.96	0.00	32.20	32.20		2.22		
P15S_2016_3425	P15S	3425	18/5/16	4:40:00	-50.50	-170.00	502.90	5056.00	5.72	34.23	263.90	10.77	0.00	23.48	23.48		1.61		
P15S_2016_3430	P15S	3430	18/5/16	8:22:00	-50.50	-170.02	199.60	5052.00	7.42	34.36	268.20	5.26	0.01	18.95	18.96	0.08	1.33		
P15S_2016_3432	P15S	3432	18/5/16	4:40:00	-50.50	-170.00	98.30	5056.00	8.45	34.32	276.00	2.85	0.20	15.12	15.32		1.13		
P15S_2016_3901	P15S	3901	19/5/16	16:06:00	-47.99	-169.99	5400.00	5382.00	1.03	34.70	210.00	121.80	0.00	32.17	32.17		2.22		
P15S_2016_3913	P15S	3913	19/5/16	16:06:00	-47.99	-169.99	1935.00	5382.00	2.64	34.58	169.80	76.81	0.00	33.97	33.97		2.34		
P15S_2016_3920	P15S	3920	19/5/16	16:06:00	-47.99	-169.99	965.00	5382.00	6.00	34.37	212.00	18.91	0.00	26.95	26.95		1.82		
P15S_2016_3925	P15S	3925	19/5/16	16:06:00	-47.99	-169.99	465.00	5382.00	7.70	34.43	253.00	5.91	0.00	19.41	19.41		1.34		
P15S_2016_3932	P15S	3932	19/5/16	19:56:00	-47.99	-169.99	91.50	5381.00	11.46	34.62	263.10	0.88	0.30	6.38	6.68	0.33	0.61		
P15S_2016_3933	P15S	3933	19/5/16	16:06:00	-47.99	-169.99	65.00	5382.00	11.47	34.62	263.20	0.88	0.30	6.37	6.67		0.61		
P15S_2016_3934	P15S	3934	19/5/16	16:06:00	-47.99	-169.99	40.00	5382.00	11.47	34.62	263.00	0.88	0.30	6.37	6.67		0.60		
P15S_2016_3936	P15S	3936	19/5/16	19:56:00	-47.99	-169.99	6.50	5381.00	11.46	34.62	263.00	0.88	0.30	6.36	6.66	0.33	0.61		