SampleID	Cruise	Station	Date	Time	Latitude	Longitude	Depth	Bottom_Depth	Temperature	Salinity	Oxygen	Silicate	NO2	NO3	NOx	NH3	PO4	PAR	Chlorophyll
S0115	GA03	1	8/11/11	10:56:00	39.69225	-69.86286	57.80		18.64	35.43	189.30	2.54	0.17	4.81	4.98		0.42		
S0116	GA03	1	8/11/11	10:56:00	39.69225	-69.86286	89.20		15.81	36.04	144.00	5.18	0.00	13.37	13.37		0.93		
S0117	GA03	1	8/11/11	10:56:00	39.69225	-69.86286	109.90		14.40	35.86	144.80	6.15	0.00	15.41	15.41		0.92		
S0118	GA03	1	8/11/11	10:56:00	39.69225	-69.86286	135.40		13.53	35.73	150.80	6.84	0.00	16.29	16.29		1.14		
S0119	GA03	1	8/11/11	10:56:00	39.69225	-69.86286	185.80		11.81	35.49	134.30	10.35	0.00	21.02	21.02		1.33		
S0120	GA03	1	8/11/11	10:56:00	39.69225	-69.86286	285.90		10.03	35.29	139.80	12.51	0.00	23.01	23.01		1.48		
S0064	GA03	3	10/11/11	14:23:00	38.65497	-69.13131	28.40		24.51	36.17	204.50	0.68	0.00	0.00	0.00		0.00		
S0065	GA03	3	10/11/11	14:23:00	38.65497	-69.13131	61.20		24.15	36.34	203.10	0.19	0.01	0.09	0.10		0.00		
S0066	GA03	3	10/11/11	14:23:00	38.65497	-69.13131	86.40		23.59	36.68	166.10	0.68	0.03	2.28	2.31		0.08		
S0067	GA03	3	10/11/11	14:23:00	38.65497	-69.13131	108.80		21.66	36.75	151.50	1.07	0.00	4.72	4.72		0.20		
S0068	GA03	3	10/11/11	14:23:00	38.65497	-69.13131	135.60		20.29	36.76	162.80	0.78	0.00	4.71	4.71		0.19		
S0069	GA03	3	10/11/11	14:23:00	38.65497	-69.13131	186.50		18.95	36.64	187.60	0.29	0.00	3.63	3.63		0.12		
S0070	GA03	3	10/11/11	14:23:00	38.65497	-69.13131	234.70		18.22	36.56	192.40	0.68	0.00	4.52	4.52		0.19		
S0071	GA03	3	10/11/11	14:23:00	38.65497	-69.13131	288.80		17.59	36.45	184.90	1.27	0.00	6.41	6.41		0.31		
S0122	GA03	4	12/11/11	14:57:00	38.32433	-68.87553	39.40		23.54	36.13	207.80	0.39	0.00	0.00	0.00		0.01		
S0124	GA03	4	12/11/11	14:57:00	38.32433	-68.87553	90.80		23.57	36.14	207.60	0.29	0.00	0.00	0.00		0.00		
S0125	GA03	4	12/11/11	14:57:00	38.32433	-68.87553	111.10		23.75	36.36	205.60	0.19	0.03	0.02	0.05		0.00		
S0128	GA03	4	12/11/11	14:57:00	38.32433	-68.87553	236.70		18.80	36.62	193.10	0.58	0.00	3.36	3.36		0.12		
S0129	GA03	4	12/11/11	14:57:00	38.32433	-68.87553	285.30		18.35	36.58	197.00	0.68	0.00	3.90	3.90		0.16		
S0130	GA03	6	15/11/11	6:20:00	37.60731	-68.3895	39.60		23.40	36.00	208.30	0.59	0.04	0.00	0.04		0.00		
S0131	GA03	6	15/11/11	6:20:00	37.60731	-68.3895	64.60		23.42	36.03	208.20	0.59	0.03	0.01	0.04		0.00		
S0132	GA03	6	15/11/11	6:20:00	37.60731	-68.3895	89.60		23.46	36.07	207.90	0.59	0.03	0.00	0.03		0.00		
S0133	GA03	6	15/11/11	6:20:00	37.60731	-68.3895	111.10		23.46	36.08	205.50	0.59	0.06	0.16	0.22		0.00		
S0134	GA03	6	15/11/11	6:20:00	37.60731	-68.3895	139.60		20.51	36.16	176.80	1.75	0.01	3.97	3.98		0.23		
S0135	GA03	6	15/11/11	6:20:00	37.60731	-68.3895	160.00		19.82	36.37	162.50	1.95	0.00	5.44	5.44		0.28		
S0136	GA03	6	15/11/11	6:20:00	37.60731	-68.3895	232.90		16.07	36.05	154.80	4.10	0.00	11.47	11.47		0.65		
S0137	GA03	6	15/11/11	6:20:00	37.60731	-68.3895	284.70		14.78	35.94	155.20	4.97	0.00	13.85	13.85		0.83		
S0231	GA03	7	24/10/10	11:14:00	24.00011	-22.00011	33.20		25.66	36.72	207.10	0.39	0.00	0.01	0.01		0.08		
S0233	GA03	7	24/10/10	11:14:00	24.00011	-22.00011	72.90		22.81	36.92	211.50	0.58	0.02	0.05	0.07		0.07		
S0234	GA03	7	24/10/10	11:14:00	24.00011	-22.00011	151.80		17.27	36.27	109.20	4.68	0.02	15.77	15.79		0.98		
S0235	GA03	7	24/10/10	11:14:00	24.00011	-22.00011	201.10		16.38	36.18	114.00	5.07	0.01	15.62	15.63		0.96		
S0236	GA03	7	24/10/10	11:14:00	24.00011	-22.00011	349.00		14.07	35.90	135.30	5.75	0.01	16.22	16.23		0.98		
S0237	GA03	7	24/10/10	11:14:00	24.00011	-22.00011	2.00												
S0050	GA03	8	16/11/11	13:59:00	35.41617	-66.54077	68.00		23.07	36.35	210.20	0.39	0.00	0.00	0.00		0.01		
S0052	GA03	8	16/11/11	13:59:00	35.41617	-66.54077	135.80		20.02	36.72	192.10	0.58	0.00	2.17	2.17		0.07		
S0053	GA03	8	16/11/11	13:59:00	35.41617	-66.54077	186.30		18.68	36.62	193.70	0.88	0.00	3.57	3.57		0.15		
S0054	GA03	8	16/11/11	13:59:00	35.41617	-66.54077	237.30		18.32	36.59	200.30	0.88	0.00	3.68	3.68		0.15		
S0055	GA03	8	16/11/11	13:59:00	35.41617	-66.54077	291.50		18.13	36.59	208.20	0.97	0.00	3.42	3.42		0.14		
S0082	GA03	10	19/11/11	19:31:00	31.75351	-64.17499	41.80		24.13	36.55	208.60	0.19	0.00	0.01	0.01		0.00		
S0083	GA03	10	19/11/11	19:31:00	31.75351	-64.17499	75.70		24.19	36.60	208.70	0.10	0.00	0.00	0.00		0.00		
S0084	GA03	10	19/11/11	19:31:00	31.75351	-64.17499	89.10		22.12	36.66	219.50	0.00	0.03	0.07	0.10		0.00		
S0085	GA03	10	19/11/11	19:31:00	31.75351	-64.17499	109.70		20.55	36.72	190.20	0.49	0.02	2.09	2.11		0.10		
S0086	GA03	10	19/11/11	19:31:00	31.75351	-64.17499	182.40		18.48	36.59	202.10	0.49	0.00	2.14	2.14		0.05		
S0087	GA03	10	19/11/11	19:31:00	31.75351	-64.17499	233.30		18.25	36.59	204.60	0.78	0.00	3.45	3.45		0.14		
S0088	GA03	10	19/11/11	19:31:00	31.75351	-64.17499	281.40		18.07	36.58	206.90	0.88	0.00	3.61	3.61		0.15		
S0089	GA03	10	19/11/11	19:31:00	31.75351	-64.17499	414.20		17.51	36.48	203.70	1.17	0.00	4.88	4.88		0.22		
S0238	GA03	10	30/10/10	3:06:00	17.35162	-20.81672	51.80		17.94	35.83	97.20	3.80	0.44	15.50	15.94		1.10		
S0239	GA03	10	30/10/10	3:06:00	17.35162	-20.81672	86.60		15.23	35.67	60.50	6.93	0.03	24.68	24.71		1.53		
S0240	GA03	10	30/10/10	3:06:00	17.35162	-20.81672	101.00		14.51	35.58	63.60	7.41	0.02	25.02	25.04		1.55		
S0242	GA03	10	30/10/10	3:06:00	17.35162	-20.81672	185.00		12.93	35.41	76.10	9.17	0.01	25.73	25.74		1.62		
S0243	GA03	10	30/10/10	3:06:00	17.35162	-20.81672	2.00												
S0244	GA03	12	2/11/10	9:05:00	17.39978	-24.4998	31.80		26.67	36.92	203.00	0.39	0.00	0.00	0.00		0.02		
S0245	GA03	12	2/11/10	9:05:00	17.39978	-24.4998	50.40		24.00	36.90	212.20	0.49	0.01	0.00	0.01		0.08		
S0246	GA03	12	2/11/10	9:05:00	17.39978	-24.4998	71.90		21.98	36.81	184.10	0.88	0.19	2.09	2.28		0.25		
S0247	GA03	12	2/11/10	9:05:00	17.39978	-24.4998	91.60		20.59	36.73	165.60	1.46	0.08	5.56	5.64		0.43		
S0248	GA03	12	2/11/10	9:05:00	17.39978	-24.4998	136.50		18.65	36.64	157.70	1.95	0.02	8.23	8.25		0.52		
S0249	GA03	12	2/11/10	9:05:00	17.39978	-24.4998	185.40		16.07	36.15	116.30	4.88	0.00	16.14	16.14		0.98		
S0250	GA03	12	2/11/10	9:05:00	17.39978	-24.4998	2.00												
S0105	GA03	14	26/11/11	15:01:00	27.58305	-49.63297	40.10		25.36	36.91	205.30	0.39	0.00	0.00	0.00		0.00		
S0106	GA03	14	26/11/11	15:01:00	27.58305	-49.63297	69.40		23.44	37.03	231.90	0.19	0.00	0.00	0.00		0.00		
S0107	GA03	14	26/11/11	15:01:00	27.58305	-49.63297	99.00		21.88	37.04	213.80	0.10	0.02	0.01	0.03		0.00		
S0108	GA03	14	26/11/11	15:01:00	27.58305	-49.63297	113.80		21.17	36.95	209.50	0.10	0.10	0.01	0.11		0.05		
S0109	GA03	14	26/11/11	15:01:00	27.58305	-49.63297	133.70		20.31	36.83	206.20	0.10	0.07	0.14	0.21		0.00		
S0110	GA03	14	26/11/11	15:01:00	27.58305	-49.63297	183.80		18.91	36.68	190.10	0.58	0.00	2.72	2.72		0.07		
S0112	GA03	14	26/11/11	15:01:00	27.58305	-49.63297	285.00		17.67	36.49	198.30	0.97	0.00	4.91	4.91		0.22		
S0090	GA03	16	30/11/11	3:40:00	26.13688	-44.82622	39.70		25.14	37.40	205.80	0.19	0.00	0.00	0.00		0.00		
S0091	GA03	16	30/11/11	3:40:00	26.13688	-44.82622	60.70		25.14	37.39	205.90	0.10	0.00	0.00	0.00		0.00		
S0092	GA03	16	30/11/11	3:40:00	26.13688	-44.82622	89.90		23.16	37.23	221.20	0.00	0.00	0.00	0.00		0.00		
S0093	GA03	16	30/11/11	3:40:00	26.13688	-44.82622	110.70		22.00	37.11	215.10	0.00	0.00	0.01	0.01		0.00		
S0094	GA03	16	30/11/11	3:40:00	26.13688	-44.82622	135.60		20.68	36.97	197.00	0.00	0.01	0.52	0.53		0.00		
S0095	GA03	16	30/11/11	3:40:00	26.13688	-44.82622	185.70		18.98	36.72	185.60	0.39	0.00	3.06	3.06		0.10		
S0097	GA03	16	30/11/11	3:40:00	26.13688	-44.82622	284.80		17.26	36.43	195.40	1.07	0.00	5.66	5.66		0.27		
S0057	GA03	18	1/12/11	17:25:00	24.1497	-40.21786	38.90		25.24	37.63	205.50	0.10	0.00	0.00	0.00		0.00		
S0058	GA03	18	1/12/11	17:25:00	24.1497	-40.21786	65.20		25.23	37.63	205.40	0.10	0.00	0.00	0.00		0.00		
S0059	GA03	18	1/12/11	17:25:00	24.1497	-40.21786	75.10		25.19	37.63	205.70	0.10	0.00	0.00	0.00		0.00		
S0060	GA03	18	1/12/11	17:25:00	24.1497	-40.21786	113.90		22.23	37.30	209.60	0.00	0.05	0.04	0.09		0.00		
S0062	GA03	18	1/12/11	17:25:00	24.1497	-40.21786	233.00		18.13	36.60	190.90	0.78	0.00	4.21	4.21		0.19		
S0063	GA03	18	1/12/11	17:25:00	24.1497	-40.21786	283.90		17.31	36.45	188.40	1.27	0.00	6.10	6.10		0.32		
S0072	GA03	20	3/12/11	23:12:00	22.33305	-35.86703	39.90		25.32	37.40	205.70	0.19	0.00	0.00	0.00		0.00		
S0073	GA03	20	3/12/11	23:12:00	22.33305	-35.86703	74.30		23.99	37.42	217.40	0.00	0.00	0.00	0.00		0.00		
S0074	GA03	20	3/12/11	23:12:00	22.33305	-35.86703	99.70		22.44	37.31	204.90	0.00	0.01	0.14	0.15		0.00		
S0075	GA03	20	3/12/11	23:12:00	22.33305	-35.86703	134.20		20.27	36.96	173.60	0.49	0.01	4.00	4.01		0.19		
S0076	GA03	20	3/12/11	23:12:00	22.33305	-35.86703	183.80		18.20	36.59	159.10	1.36	0.00	7.93	7.93		0.42		
S0077	GA03	20	3/12/11	23:12:00	22.33305	-35.86703	234.10		17.35	36.44	159.60	1.85	0.00	9.19	9.19		0.50		
S0078	GA03	20	3/12/11	23:12:00	22.33305	-35.86703	300.80		16.06	36.23	166.10	2.34	0.00	10.20	10.20		0.56		
S0079	GA03	20	3/12/11	23:12:00	22.33305	-35.86703	374.30		14.84	36.02	155.30	3.41	0.00	13.12	13.12		0.74		
S0080	GA03	20	3/12/11	23:12:00	22.33305	-35.86703	499.60		12.73	35.72	158.30	5.27	0.00	16.23	16.23		0.94		
S0081	GA03	20	3/12/11	23:12:00	22.33305	-35.86703	1055.20		6.14	35.00	160.20	19.52	0.00	26.72	26.72		1.76		
S0138	GA03	22	7/12/11	11:25:00	19.43336	-29.38323	50.00		24.81	37.17	206.10	0.29	0.00	0.00	0.00		0.00		
S0139	GA03	22	7/12/11	11:25:00	19.43336	-29.38323	74.50		24.81	37.17	205.90	0.29	0.00	0.00	0.00		0.00		
S0140	GA03	22	7/12/11	11:25:00	19.43336	-29.38323	84.00		23.24	37.09	206.30	0.39	0.03	0.04	0.07		0.01		
S0141	GA03	22	7/12/11	11:25:00	19.43336	-29.38323	123.80		19.52	36.66	139.70	2.05	0.01	9.19	9.20		0.56		
S0142	GA03	22	7/12/11	11:25:00	19.43336	-29.38323	183.90		15.96	36.14	120.10	4.29	0.00	15.77	15.77		0.93		
S0143	GA03	22	7/12/11	11:25:00	19.43336	-29.38323	233.10		15.18	36.03	126.00	5.27	0.00	15.85	15.85		0.93		
S0144	GA03	22	7/12/11	11:25:00	19.43336	-29.38323	283.30		14.36	35.91	126.10	5.56	0.00	16.92	16.92		1.01		
S0145	GA03	22	7/12/11	11:25:00	19.43336	-29.38323	389.40		12.79	35.70	123.10	7.22	0.00	19.99	19.99		1.19		
S0098	GA03	24	10/12/11	8:27:00	17.39998	-24.50003	48.10		24.68	36.81	206.70	0.00	0.00	0.03	0.03		0.00		
S0099	GA03	24	10/12/11	8:27:00	17.39998	-24.50003	71.60		20.20	36.48	154.10	1.75	0.11	7.87	7.98		0.50		
S0100	GA03	24	10/12/11	8:27:00	17.39998	-24.50003	89.30		19.69	36.59	143.00	1.46	0.03	9.51	9.54		0.58		
S0102	GA03	24	10/12/11	8:27:00	17.39998	-24.50003	183.70		14.30	35.74	81.80	6.44	0.00	22.77	22.77		1.33		
S0103	GA03	24	10/12/11	8:27:00	17.39998	-24.50003	234.50		13.46	35.61	75.20	7.71	0.00	24.69	24.69		1.46		
S0104	GA03	24	10/12/11	8:27:00	17.39998	-24.50003	285.90		12.67	35.51	70.30	8.78	0.00	26.41	26.41		1.57		